cam0:
  T_cam_imu:
  - [0.004894804136389347, -0.9999879178464115, 0.0004528285191321979, 0.006199500637559137]
  - [0.01416632816580582, -0.0003834462767998703, -0.99989957901544, -0.028473240766672892]
  - [0.9998876717105615, 0.004900727512743619, 0.014164280111631289, -0.1048104559980291]
  - [0.0, 0.0, 0.0, 1.0]
  cam_overlaps: []
  camera_model: pinhole
  distortion_coeffs: [-0.030931984892282122, 0.05966444865054952, -0.06312013819360535,
    0.031405114547754694]
  distortion_model: equidistant
  intrinsics: [437.9446619859144, 437.20674125837894, 333.2810599972569, 249.16103363786752]
  resolution: [752, 480]
  rostopic: /firefly/image_raw
